135000
135135
197500
235000
237500
251750
252000
260000
270000
270270
275000
283200
287500
297500
300000
302400
307500
310260
315000
337500
340252
350000
355000
360000
367500
370000
382500
400000
407500
410000
415000
425000
449000
452500
467500
472032
490000
495000
500000
505000
520000
540000
540450
540540
545000
549360
560000
562500
567500
572800
582500
587500
593407
594000
605000
620520
622500
635000
639900
640000
650000
652500
655000
667500
677500
682500
690000
710000
720000
732500
741750
741759
742500
745000
750000
752500
757500
760000
787500
795000
800000
810079
816200
820000
830000
835000
847500
852500
855000
857500
885000
887500
900000
910000
918000
945000
957500
977500
989011
990000
997500
1000000
1005000
1010000
1012500
1022500
1065000
1070020
1080000
1081080
1090000
1102500
1105000
1125000
1126100
1155000
1165152
1175000
1186813
1188000
1190000
1195000
1196500
1197500
1198801
1200000
1212500
1217500
1225000
1252500
1257500
1258291
1272500
1290240
1300000
1301990
1302500
1310000
1315000
1327500
1350000
1352500
1363580
1367500
1385000
1387500
1402500
1415000
1434700
1440000
1462500
1482500
1483500
1483517
1485000
1493400
1540000
1552500
1557500
1558500
1560000
1570000
1575000
1582500
1595000
1610000
1620000
1625000
1695000
1727500
1730000
1742500
1750000
1755000
1785000
1792600
1795000
1827500
1847500
1856250
1870000
1872500
1890000
1922500
1932500
1977500
1978022
1980000
1985000
2015000
2025000
2047500
2075000
2080000
2092000
2092500
2137500
2143900
2147500
2182500
2187500
2190000
2207500
2212500
2213280
2270000
2295000
2302500
2335000
2340000
2350000
2380000
2415000
2452500
2455000
2477500
2532000
2562000
2577500
2610000
2625000
2672000
2682500
2685000
2725000
2737000
2807000
2812000
2812500
2830000
2880000
2917000
2967033
2970000
2980000
3122000
3170000
3200000
3222000
3300000
3332500
3485000
3565000
3712500
3805000
4945055
4950000
5052500
5527500
