6240000
6260000
6280000
6300000
6320000
6340000
6360000
6380000
6400000
6420000
6440000
6460000
6480000
6500000
6520000
6540000
6560000
6580000
6600000
6620000
6640000
6660000
6680000
6700000
6720000
6740000
6760000
6780000
6800000
6820000
6840000
6860000
6880000
6900000
6920000
6940000
6960000
6980000
7080000
7100000
7200000
7320000
7440000
7560000
7680000
7700000
7800000
7920000
8040000
8100000
8160000
8280000
8400000
8520000
8640000
8760000
8880000
8900000
9000000
9120000
9240000
9360000
9480000
9500000
9600000
9720000
9840000
9960000
10000000
11040000


