EDID BYTES:
0x   00 01 02 03 04 05 06 07 08 09 0A 0B 0C 0D 0E 0F
    ------------------------------------------------
00 | 00 FF FF FF FF FF FF 00 06 74 00 15 01 00 00 00
10 | 06 14 01 03 80 2F 1A 78 2E 35 85 A6 56 48 9A 24
20 | 12 50 54 A5 6B BA 71 00 81 40 81 00 95 0F 81 80
30 | 95 00 B3 00 01 01 02 3A 80 18 71 38 2D 40 58 2C
40 | 45 00 DD 0C 11 00 00 1E 00 00 00 FF 00 37 37 39
50 | 30 35 35 32 36 30 32 36 0A 20 00 00 00 FD 00 32
60 | 4C 1E 5E 15 00 0A 20 20 20 20 20 20 00 00 00 FC
70 | 00 41 53 54 31 35 30 30 5F 44 56 49 0A 0A 00 00
